100 1121
200 2563
300 9137
400 14711
500 13870
600 25839
700 56037
800 34390
900 83660
1000 31183
1100 67796
1200 92991
1300 194671
1400 107432
1500 157291
1600 216377
1700 87759
1800 348492
1900 134858
2000 114299
2100 266175
2200 395076
2300 189780
2400 140449
2500 213646
2600 1119214
2700 644016
2800 793741
2900 304074
3000 322911
3100 503827
3200 469553
3300 919946
3400 374130
3500 292237
3600 1136140
3700 322003
3800 337170
3900 2131572
4000 484978
4100 1931769
4200 1011819
4300 872377
4400 661583
4500 570697
4600 563164
4700 1389749
4800 811306
4900 438715
5000 1623225
5100 417491
5200 4158455
5300 2510366
5400 2698736
5500 444173
5600 1389030
5700 2713381
5800 701970
5900 2215350
6000 630791
6100 894590
6200 1072719
6300 2486123
6400 3341911
6500 1410639
6600 5663615
6700 1060128
6800 1528184
6900 1486975
7000 1356798
7100 545229
7200 2961212
7300 1084699
7400 890043
7500 1975435
7600 783300
7700 2188255
7800 5862493
7900 1333868
8000 1970475
8100 4497283
8200 7642262
8300 2244544
8400 5780892
8500 2548248
8600 2792953
8700 819404
8800 3032298
8900 695635
9000 5184709
9100 6157483
9200 1588456
9300 6049581
9400 3281528
9500 1930592
9600 4065476
9700 1989246
9800 734512
9900 5285794
10000 7360615
