100 124
200 278
300 435
400 491
500 735
600 770
700 1117
800 1250
900 1079
1000 1468
1100 1620
1200 1361
1300 2215
1400 1911
1500 2028
1600 2541
1700 3182
1800 1682
1900 2855
2000 2938
2100 3014
2200 3155
2300 3974
2400 3386
2500 4288
2600 4447
2700 3857
2800 3991
2900 4993
3000 4173
3100 6159
3200 5372
3300 4555
3400 5622
3500 5832
3600 3940
3700 6292
3800 6276
3900 5234
4000 6517
4100 8925
4200 5724
4300 8832
4400 8117
4500 6094
4600 6614
4700 8692
4800 6491
4900 8516
5000 9175
5100 8298
5200 10522
5300 11141
5400 7210
5500 9444
5600 8475
5700 7497
5800 9905
5900 12368
6000 7789
6100 12089
6200 12889
6300 8071
6400 10710
6500 13372
6600 8371
6700 11137
6800 12021
6900 10792
7000 11602
7100 14642
7200 8984
7300 14568
7400 13052
7500 11500
7600 14612
7700 13207
7800 9567
7900 15189
8000 16025
8100 9910
8200 15178
8300 17763
8400 10708
8500 18752
8600 18919
8700 16442
8800 16504
8900 19492
9000 11735
9100 14579
9200 17479
9300 15017
9400 17961
9500 21205
9600 15670
9700 21582
9800 21847
9900 13332
10000 16522
