100 624
200 1819
300 4031
400 5494
500 5711
600 10370
700 9024
800 11314
900 17218
1000 16020
1100 17668
1200 37586
1300 22161
1400 23747
1500 35328
1600 62298
1700 24566
1800 39647
1900 43607
2000 32704
2100 50977
2200 57154
2300 39035
2400 53724
2500 69982
2600 70661
2700 62562
2800 75037
2900 71870
3000 71975
3100 75719
3200 104734
3300 100636
3400 84251
3500 69214
3600 83541
3700 79687
3800 84392
3900 100053
4000 82862
4100 101474
4200 345026
4300 91975
4400 110962
4500 136668
4600 114091
4700 102612
4800 182510
4900 181523
5000 143995
5100 136219
5200 157340
5300 118184
5400 197965
5500 136094
5600 129167
5700 179669
5800 269028
5900 118987
6000 202745
6100 191914
6200 155426
6300 204612
6400 192872
6500 264647
6600 321932
6700 218556
6800 268227
6900 158812
7000 229854
7100 190847
7200 195463
7300 190043
7400 249262
7500 236928
7600 215301
7700 236239
7800 364676
7900 213567
8000 280082
8100 389029
8200 303661
8300 225729
8400 651697
8500 232728
8600 208554
8700 316274
8800 236531
8900 216427
9000 360698
9100 410689
9200 309308
9300 290173
9400 332219
9500 233112
9600 428500
9700 242755
9800 347846
9900 510207
10000 483815
