100 949
200 2638
300 4652
400 12923
500 12438
600 16306
700 22009
800 23407
900 50765
1000 44290
1100 56858
1200 100739
1300 68993
1400 91608
1500 101587
1600 98048
1700 89783
1800 374093
1900 177730
2000 172597
2100 123479
2200 260806
2300 194960
2400 195184
2500 223743
2600 207938
2700 271319
2800 364895
2900 263980
3000 307119
3100 258349
3200 266480
3300 437342
3400 395554
3500 391865
3600 971638
3700 498394
3800 470111
3900 602319
4000 535809
4100 429984
4200 548698
4300 461119
4400 505227
4500 757069
4600 1134609
4700 628379
4800 912810
4900 866675
5000 672919
5100 768078
5200 727595
5300 699090
5400 764371
5500 1037831
5600 1090732
5700 1576878
5800 1200162
5900 887180
6000 1513930
6100 1073962
6200 957691
6300 1467412
6400 1188494
6500 1019087
6600 1641325
6700 1760331
6800 1334776
6900 1543660
7000 1704462
7100 1250532
7200 2275856
7300 1461514
7400 1446984
7500 1589589
7600 1478888
7700 1692033
7800 3033860
7900 1900603
8000 1600596
8100 3532556
8200 1652962
8300 1665353
8400 2850792
8500 1572032
8600 1734931
8700 1895877
8800 1605409
8900 1861328
9000 3222017
9100 3436527
9200 2002313
9300 2700916
9400 2446809
9500 2001484
9600 2410619
9700 2360192
9800 2045709
9900 3821893
10000 3735599
