100 114
200 238
300 327
400 391
500 533
600 629
700 594
800 845
900 812
1000 1267
1100 1348
1200 1310
1300 1085
1400 1444
1500 1590
1600 1502
1700 2082
1800 1621
1900 2305
2000 2526
2100 2449
2200 2393
2300 2832
2400 2827
2500 2636
2600 1613
2700 2510
2800 2160
2900 3621
3000 3301
3100 3996
3200 3214
3300 2503
3400 4402
3500 4859
3600 3358
3700 4644
3800 4937
3900 2475
4000 4341
4100 3751
4200 4430
4300 5032
4400 5442
4500 5794
4600 5652
4700 4985
4800 5322
4900 7101
5000 4671
5100 7134
5200 3508
5300 4918
5400 5066
5500 7859
5600 5363
5700 5115
5800 7564
5900 5761
6000 7685
6100 6909
6200 8596
6300 6199
6400 5768
6500 7226
6600 4472
6700 10309
6800 7791
6900 7558
7000 9190
7100 9825
7200 7597
7300 8865
7400 10017
7500 8749
7600 11141
7700 10029
7800 5881
7900 10506
8000 8465
8100 7191
8200 7357
8300 11848
8400 7364
8500 11843
8600 9823
8700 14033
8800 10934
8900 12957
9000 9397
9100 8529
9200 11041
9300 10421
9400 11438
9500 13743
9600 9839
9700 12860
9800 16328
9900 10424
10000 9536
