100 218
200 406
300 537
400 870
500 1206
600 1304
700 1889
800 1853
900 1974
1000 2393
1100 2914
1200 2460
1300 2967
1400 3500
1500 3604
1600 3337
1700 4995
1800 5199
1900 4335
2000 5220
2100 4691
2200 5416
2300 7681
2400 6492
2500 5808
2600 5934
2700 7062
2800 7186
2900 8206
3000 9374
3100 7800
3200 7127
3300 7101
3400 8541
3500 9392
3600 9536
3700 10947
3800 9948
3900 11352
4000 11609
4100 11717
4200 8128
4300 12339
4400 12684
4500 12680
4600 14118
4700 15659
4800 13196
4900 11823
5000 12344
5100 14074
5200 12664
5300 15720
5400 12767
5500 14808
5600 18274
5700 14860
5800 15137
5900 20421
6000 17323
6100 15511
6200 17597
6300 17705
6400 18239
6500 16162
6600 16385
6700 20382
6800 16554
6900 22994
7000 19370
7100 21928
7200 24063
7300 24212
7400 21863
7500 22155
7600 24502
7700 24690
7800 23067
7900 28322
8000 20763
8100 18830
8200 21580
8300 23962
8400 16958
8500 24713
8600 27411
8700 22220
8800 25189
8900 27979
9000 25772
9100 23116
9200 25740
9300 28812
9400 29208
9500 39567
9600 29931
9700 32804
9800 26784
9900 24054
10000 27420
